world: b318d1f7-21c7-4b00-aca8-a3e274414437
world-name: world
x: -56.00757513288162
y: 72.0
z: 38.420543991794034
yaw: 83.39202880859375
pitch: 89.09992980957031
name: home
lastowner: 2976f123-be02-3a4c-9d79-e9deff20a447
