world: 72e6184d-7a9b-4d91-a137-eac28bf01351
world-name: world_nether
x: -835.5101815519511
y: 80.0
z: 180.30000001192093
yaw: -79.947998046875
pitch: 83.6999740600586
name: nether_fortress
lastowner: 2976f123-be02-3a4c-9d79-e9deff20a447
