world: b318d1f7-21c7-4b00-aca8-a3e274414437
world-name: world
x: -34.79446006862668
y: 95.0
z: 92.03466527184234
yaw: 175.94232177734375
pitch: 18.600008010864258
name: pvp
lastowner: 2976f123-be02-3a4c-9d79-e9deff20a447
